Delta,Time,CORE0_ENERGY (J),CORE0_FREQ (MHZ),CORE0_PSTATE,CORE0_VOLT (V),CORE10_ENERGY (J),CORE10_FREQ (MHZ),CORE10_PSTATE,CORE10_VOLT (V),CORE11_ENERGY (J),CORE11_FREQ (MHZ),CORE11_PSTATE,CORE11_VOLT (V),CORE1_ENERGY (J),CORE1_FREQ (MHZ),CORE1_PSTATE,CORE1_VOLT (V),CORE2_ENERGY (J),CORE2_FREQ (MHZ),CORE2_PSTATE,CORE2_VOLT (V),CORE3_ENERGY (J),CORE3_FREQ (MHZ),CORE3_PSTATE,CORE3_VOLT (V),CORE4_ENERGY (J),CORE4_FREQ (MHZ),CORE4_PSTATE,CORE4_VOLT (V),CORE5_ENERGY (J),CORE5_FREQ (MHZ),CORE5_PSTATE,CORE5_VOLT (V),CORE6_ENERGY (J),CORE6_FREQ (MHZ),CORE6_PSTATE,CORE6_VOLT (V),CORE7_ENERGY (J),CORE7_FREQ (MHZ),CORE7_PSTATE,CORE7_VOLT (V),CORE8_ENERGY (J),CORE8_FREQ (MHZ),CORE8_PSTATE,CORE8_VOLT (V),CORE9_ENERGY (J),CORE9_FREQ (MHZ),CORE9_PSTATE,CORE9_VOLT (V),CPU_ENERGY (J),CPU_FREQUENCY_0,CPU_FREQUENCY_1,CPU_FREQUENCY_10,CPU_FREQUENCY_11,CPU_FREQUENCY_12,CPU_FREQUENCY_13,CPU_FREQUENCY_14,CPU_FREQUENCY_15,CPU_FREQUENCY_16,CPU_FREQUENCY_17,CPU_FREQUENCY_18,CPU_FREQUENCY_19,CPU_FREQUENCY_2,CPU_FREQUENCY_20,CPU_FREQUENCY_21,CPU_FREQUENCY_22,CPU_FREQUENCY_23,CPU_FREQUENCY_3,CPU_FREQUENCY_4,CPU_FREQUENCY_5,CPU_FREQUENCY_6,CPU_FREQUENCY_7,CPU_FREQUENCY_8,CPU_FREQUENCY_9,CPU_USAGE_0,CPU_USAGE_1,CPU_USAGE_10,CPU_USAGE_11,CPU_USAGE_12,CPU_USAGE_13,CPU_USAGE_14,CPU_USAGE_15,CPU_USAGE_16,CPU_USAGE_17,CPU_USAGE_18,CPU_USAGE_19,CPU_USAGE_2,CPU_USAGE_20,CPU_USAGE_21,CPU_USAGE_22,CPU_USAGE_23,CPU_USAGE_3,CPU_USAGE_4,CPU_USAGE_5,CPU_USAGE_6,CPU_USAGE_7,CPU_USAGE_8,CPU_USAGE_9,TOTAL_MEMORY,TOTAL_SWAP,USED_MEMORY,USED_SWAP
0,1721495033126,2759143.7295684814,4700,1,0.30000000000000004,1419718.3410644531,4700,1,0.30000000000000004,1895310.0988311768,4700,1,0.30000000000000004,1542290.9713134766,4700,1,0.30000000000000004,1555652.4275665283,4700,1,0.30000000000000004,1562435.8316802979,4700,1,0.30000000000000004,1583760.1822662354,4700,1,0.30000000000000004,1662213.8117370605,4700,1,0.30000000000000004,1837298.5538330078,4700,1,0.30000000000000004,1337145.3887023926,4700,1,0.30000000000000004,1331659.50680542,4700,1,0.30000000000000004,1403442.4209136963,4700,1,0.30000000000000004,210767137.37815857,400,400,400,400,400,400,400,4690,400,400,400,400,400,400,400,400,400,400,4689,400,400,400,400,400,0,0,0,3.846153974533081,0,0,0,100,0,0,0,0,0,0,0,0,0,0,0,0,0,0,0,0,66480525312,2147479552,41340325888,0
199,1721495033127,2759143.732498169,4700,1,0.30000000000000004,1419718.3423156738,4700,1,0.3062499999999999,1895310.108428955,4700,1,0.3062499999999999,1542290.9749450684,4700,1,0.30000000000000004,1555652.429534912,4700,1,0.30000000000000004,1562435.8466033936,4700,1,0.3062499999999999,1583760.1840362549,4700,1,0.3062499999999999,1662213.8139648438,4700,1,0.3062499999999999,1837298.55519104,4700,1,0.3062499999999999,1337145.399154663,4700,1,0.3062499999999999,1331659.5084075928,4700,1,0.3062499999999999,1403442.4222717285,4700,1,0.3062499999999999,210767137.48109436,400,400,400,400,400,400,400,4690,400,400,400,400,400,400,400,400,400,400,4689,400,400,400,400,400,0,0,0,3.846153974533081,0,0,0,100,0,0,0,0,0,0,0,0,0,0,0,0,0,0,0,0,66480525312,2147479552,41343422464,0
199,1721495033327,2759143.911605835,4700,1,0.30000000000000004,1419718.4399719238,4700,1,0.30000000000000004,1895310.3073730469,4700,1,0.30000000000000004,1542291.2144012451,4700,1,0.30000000000000004,1555652.7234954834,4700,1,0.30000000000000004,1562436.8102111816,4700,1,0.30000000000000004,1583760.2845153809,4700,1,0.30000000000000004,1662213.96383667,4700,1,0.30000000000000004,1837298.8593444824,4700,1,0.30000000000000004,1337145.5987243652,4700,1,0.30000000000000004,1331659.61328125,4700,1,0.30000000000000004,1403442.618850708,4700,1,0.30000000000000004,210767146.76454163,400,400,400,400,400,400,400,4690,400,400,400,400,400,400,400,400,400,400,4689,400,400,400,400,400,5,4.761904716491699,0,4.761904716491699,4.761904716491699,0,4.761904716491699,100,0,4.761904716491699,10,5,10,0,5,0,0,0,0,0,5.263157844543457,0,4.761904716491699,5,66480525312,2147479552,41350766592,0
199,1721495033527,2759144.044921875,4700,1,0.30000000000000004,1419718.4511566162,4700,1,0.30000000000000004,1895310.328994751,4700,1,0.30000000000000004,1542291.2985839844,4700,1,0.30000000000000004,1555652.904953003,4700,1,0.30000000000000004,1562437.8054351807,4700,1,0.30000000000000004,1583760.315322876,4700,1,0.30000000000000004,1662213.980331421,4700,1,0.30000000000000004,1837298.890762329,4700,1,0.30000000000000004,1337145.6288452148,4700,1,0.30000000000000004,1331659.6213378906,4700,1,0.30000000000000004,1403442.6321105957,4700,1,0.30000000000000004,210767154.73916626,400,400,400,400,400,400,400,4690,400,400,400,400,400,400,400,400,400,400,4689,400,400,400,400,400,0,0,0,5,0,4.761904716491699,0,85,4.761904716491699,0,0,0,0,0,0,0,0,10.526315689086914,0,0,0,0,0,0,66480525312,2147479552,41352122368,0
199,1721495033727,2759144.355407715,4700,1,0.3062499999999999,1419718.710571289,4700,1,0.3062499999999999,1895310.5587158203,4700,1,0.3062499999999999,1542291.6344909668,4700,1,0.3062499999999999,1555653.2995300293,4700,1,0.3062499999999999,1562438.789138794,4700,1,0.3062499999999999,1583760.561050415,4700,1,0.3062499999999999,1662214.2179107666,4700,1,0.3062499999999999,1837299.189956665,4700,1,0.3062499999999999,1337145.8805541992,4700,1,0.3062499999999999,1331659.8539886475,4700,1,0.3062499999999999,1403442.9719238281,4700,1,0.3062499999999999,210767165.06503296,400,400,400,400,400,400,400,4690,400,400,400,400,400,400,400,400,400,400,4689,400,400,400,400,400,10,0,9.090909004211426,5,0,15.000000953674316,14.285715103149414,5,5,10,19.047618865966797,10,10,9.523809432983398,19.047618865966797,15.000000953674316,10,95.23809814453125,5.263157844543457,9.523809432983398,9.523809432983398,10,14.285715103149414,14.285715103149414,66480525312,2147479552,41449558016,0
199,1721495033927,2759144.445037842,4700,1,0.30000000000000004,1419718.8052520752,4700,1,0.30000000000000004,1895310.6817321777,4700,1,0.30000000000000004,1542291.6830596924,4700,1,0.30000000000000004,1555653.4161987305,4700,1,0.30000000000000004,1562439.7981872559,4700,1,0.30000000000000004,1583760.6747894287,4700,1,0.30000000000000004,1662214.487625122,4700,1,0.30000000000000004,1837299.392425537,4700,1,0.30000000000000004,1337146.0180206299,4700,1,0.30000000000000004,1331659.9635772705,4700,1,0.30000000000000004,1403443.2612457275,4700,1,0.30000000000000004,210767173.823761,400,400,400,400,400,400,400,4690,400,400,400,400,400,400,400,400,400,400,4689,400,400,400,400,400,0,9.090909004211426,0,5,9.523809432983398,0,5,0,0,5,13.636363983154297,0,5,5,25,0,4.761904716491699,100,4.761904716491699,0,5,4.761904716491699,0,0,66480525312,2147479552,41482981376,0
199,1721495034127,2759144.5487365723,4700,1,0.30000000000000004,1419719.409286499,4700,1,0.30000000000000004,1895310.8691864014,4700,1,0.30000000000000004,1542291.7322387695,4700,1,0.30000000000000004,1555653.4946899414,4700,1,0.30000000000000004,1562440.7928009033,4700,1,0.30000000000000004,1583760.73538208,4700,1,0.30000000000000004,1662214.807144165,4700,1,0.30000000000000004,1837299.4567871094,4700,1,0.30000000000000004,1337146.1339416504,4700,1,0.30000000000000004,1331660.0743865967,4700,1,0.30000000000000004,1403443.3659210205,4700,1,0.30000000000000004,210767182.93904114,400,400,400,400,400,400,400,4690,400,400,400,400,400,400,400,400,400,400,4689,400,400,400,400,400,0,0,4.761904716491699,4.761904716491699,0,0,0,0,0,0,0,0,0,0,5,50,5.263157844543457,100,0,5.555555820465088,0,5,0,0,66480525312,2147479552,41469698048,0
199,1721495034327,2759144.610534668,4700,1,0.30000000000000004,1419720.5796661377,4700,1,0.30000000000000004,1895310.9122161865,4700,1,0.30000000000000004,1542291.7499847412,4700,1,0.30000000000000004,1555653.5081939697,4700,1,0.30000000000000004,1562441.789489746,4700,1,0.30000000000000004,1583760.7426300049,4700,1,0.30000000000000004,1662215.0233764648,4700,1,0.30000000000000004,1837299.4633331299,4700,1,0.30000000000000004,1337146.1590881348,4700,1,0.30000000000000004,1331660.0964508057,4700,1,0.30000000000000004,1403443.372833252,4700,1,0.30000000000000004,210767192.17111206,400,400,400,400,400,400,400,4690,400,400,400,400,400,400,400,400,400,400,4689,400,400,400,400,400,0,0,0,0,4.761904716491699,0,0,0,0,0,0,4.761904716491699,0,0,0,95.23809814453125,0,100,0,0,0,0,0,0,66480525312,2147479552,41475022848,0
199,1721495034527,2759144.8347473145,4700,1,0.30000000000000004,1419721.9445343018,4700,1,0.30000000000000004,1895310.966659546,4700,1,0.30000000000000004,1542291.7567901611,4700,1,0.30000000000000004,1555653.5165405273,4700,1,0.30000000000000004,1562442.7828216553,4700,1,0.30000000000000004,1583760.7520751953,4700,1,0.30000000000000004,1662215.0317382813,4700,1,0.30000000000000004,1837299.4699554443,4700,1,0.30000000000000004,1337146.1813964844,4700,1,0.30000000000000004,1331660.1029815674,4700,1,0.30000000000000004,1403443.3793182373,4700,1,0.30000000000000004,210767201.350708,400,400,400,400,400,400,400,4690,400,400,400,400,400,400,400,400,400,400,4689,400,400,400,400,400,0,0,0,0,0,0,0,0,0,0,0,0,0,0,0,95.23809814453125,0,100,0,0,0,4.761904716491699,0,0,66480525312,2147479552,41478651904,0
199,1721495034727,2759145.0573425293,4700,1,0.30000000000000004,1419723.583480835,4700,1,0.30000000000000004,1895310.9735870361,4700,1,0.30000000000000004,1542291.762954712,4700,1,0.30000000000000004,1555653.5231170654,4700,1,0.30000000000000004,1562443.7718048096,4700,1,0.30000000000000004,1583760.7582550049,4700,1,0.30000000000000004,1662215.0378723145,4700,1,0.30000000000000004,1837299.47605896,4700,1,0.30000000000000004,1337146.1966552734,4700,1,0.30000000000000004,1331660.109375,4700,1,0.30000000000000004,1403443.3859405518,4700,1,0.30000000000000004,210767210.6251068,400,400,400,400,400,400,400,4690,400,400,400,400,400,400,400,400,400,400,4689,400,400,400,400,400,0,0,36.842105865478516,0,0,0,0,0,0,0,0,0,0,0,0,60.000003814697266,0,100,0,0,0,0,0,0,66480525312,2147479552,41478623232,0
199,1721495034927,2759145.234451294,4700,1,0.3062499999999999,1419724.7780303955,4700,1,0.3062499999999999,1895311.012664795,4700,1,0.3062499999999999,1542291.7750549316,4700,1,0.3062499999999999,1555653.529953003,4700,1,0.3062499999999999,1562444.76512146,4700,1,0.3062499999999999,1583760.7655792236,4700,1,0.3062499999999999,1662215.0686645508,4700,1,0.3062499999999999,1837299.4845733643,4700,1,0.3062499999999999,1337146.2203063965,4700,1,0.3062499999999999,1331660.1176757813,4700,1,0.3062499999999999,1403443.392715454,4700,1,0.3062499999999999,210767219.6564331,400,400,400,400,400,400,400,4690,400,400,400,400,400,400,400,400,400,400,4689,400,400,400,400,400,0,0,10,0,0,0,0,0,0,0,0,0,0,0,0,85,0,100,0,0,0,0,0,0,66480525312,2147479552,41485922304,0
199,1721495035127,2759145.622329712,4700,1,0.30000000000000004,1419725.0055084229,4700,1,0.3062499999999999,1895312.0691986084,4700,1,0.3062499999999999,1542292.984802246,4700,1,0.30000000000000004,1555653.5853881836,4700,1,0.30000000000000004,1562445.7635803223,4700,1,0.30000000000000004,1583760.796798706,4700,1,0.30000000000000004,1662215.2619934082,4700,1,0.3062499999999999,1837299.6255493164,4700,1,0.3062499999999999,1337146.2620391846,4700,1,0.3062499999999999,1331660.150466919,4700,1,0.3062499999999999,1403443.4258728027,4700,1,0.3062499999999999,210767230.4122467,400,400,400,400,400,400,400,4690,400,400,400,400,400,400,400,400,400,400,4689,400,400,400,400,400,0,95.23809814453125,0,65,15.000000953674316,0,0,0,4.761904716491699,0,0,0,0,0,0,10,0,100,0,4.761904716491699,0,0,0,0,66480525312,2147479552,41510154240,0
199,1721495035327,2759145.765838623,4700,1,0.30000000000000004,1419725.061416626,4700,1,0.30000000000000004,1895312.2141571045,4700,1,0.30000000000000004,1542293.1369476318,4700,1,0.30000000000000004,1555653.6200561523,4700,1,0.30000000000000004,1562446.757736206,4700,1,0.30000000000000004,1583760.843460083,4700,1,0.30000000000000004,1662215.4304351807,4700,1,0.30000000000000004,1837299.8515014648,4700,1,0.30000000000000004,1337146.312347412,4700,1,0.30000000000000004,1331660.1968231201,4700,1,0.30000000000000004,1403444.5298919678,4700,1,0.30000000000000004,210767240.04779053,400,400,400,400,400,400,400,4690,400,400,400,400,400,400,400,400,400,400,4689,400,400,400,400,400,0,0,0,5,0,0,0,0,0,0,15.000000953674316,0,0,0,72.7272720336914,0,0,100,0,0,0,0,0,0,66480525312,2147479552,41527001088,0
199,1721495035527,2759145.774002075,4700,1,0.30000000000000004,1419725.0695800781,4700,1,0.30000000000000004,1895312.2212524414,4700,1,0.30000000000000004,1542293.1452331543,4700,1,0.30000000000000004,1555653.6381072998,4700,1,0.30000000000000004,1562447.2848358154,4700,1,0.30000000000000004,1583761.3318328857,4700,1,0.30000000000000004,1662215.654159546,4700,1,0.30000000000000004,1837299.858215332,4700,1,0.30000000000000004,1337146.335281372,4700,1,0.30000000000000004,1331660.2033081055,4700,1,0.30000000000000004,1403445.652923584,4700,1,0.30000000000000004,210767248.96757507,400,400,400,400,400,400,400,4690,400,400,400,400,400,400,400,400,400,400,4689,400,400,400,400,400,0,0,0,0,0,0,0,0,20,0,0,0,4.761904716491699,0,100,0,0,50,30.000001907348633,4.761904716491699,0,0,0,0,66480525312,2147479552,41524523008,0
199,1721495035727,2759145.942138672,4700,1,0.30000000000000004,1419725.0827789307,4700,1,0.30000000000000004,1895312.25491333,4700,1,0.30000000000000004,1542293.1531066895,4700,1,0.30000000000000004,1555653.645248413,4700,1,0.30000000000000004,1562447.2918548584,4700,1,0.30000000000000004,1583762.331893921,4700,1,0.30000000000000004,1662215.704650879,4700,1,0.30000000000000004,1837300.759613037,4700,1,0.30000000000000004,1337146.360671997,4700,1,0.30000000000000004,1331660.211013794,4700,1,0.30000000000000004,1403445.8897857666,4700,1,0.30000000000000004,210767257.9989624,400,400,400,400,400,400,400,4690,400,400,400,400,400,400,400,400,400,400,4689,400,400,400,400,400,0,0,0,0,0,0,0,0,0,0,75,0,0,0,20,0,0,0,100,0,0,0,0,0,66480525312,2147479552,41544740864,0
199,1721495035927,2759146.1854248047,4700,1,0.30000000000000004,1419725.1745147705,4700,1,0.30000000000000004,1895312.2631378174,4700,1,0.30000000000000004,1542293.160812378,4700,1,0.30000000000000004,1555653.6529541016,4700,1,0.30000000000000004,1562447.299255371,4700,1,0.30000000000000004,1583763.3303070068,4700,1,0.30000000000000004,1662215.7140808105,4700,1,0.30000000000000004,1837301.6735229492,4700,1,0.30000000000000004,1337146.3787078857,4700,1,0.30000000000000004,1331660.2204589844,4700,1,0.30000000000000004,1403445.8976593018,4700,1,0.30000000000000004,210767266.7548523,400,400,400,400,400,400,400,4690,400,400,400,400,400,400,400,400,400,400,4689,400,400,400,400,400,0,0,0,0,4.761904716491699,0,0,0,0,0,73.68421173095703,0,0,0,0,0,0,0,100,0,0,0,0,4.761904716491699,66480525312,2147479552,41566846976,0
199,1721495036127,2759146.329269409,4700,1,0.30000000000000004,1419725.2909698486,4700,1,0.30000000000000004,1895312.376953125,4700,1,0.30000000000000004,1542293.2757873535,4700,1,0.30000000000000004,1555653.7824707031,4700,1,0.30000000000000004,1562447.3688354492,4700,1,0.30000000000000004,1583764.3315429688,4700,1,0.30000000000000004,1662215.972793579,4700,1,0.30000000000000004,1837302.325805664,4700,1,0.30000000000000004,1337146.561630249,4700,1,0.30000000000000004,1331660.3167114258,4700,1,0.30000000000000004,1403446.0450439453,4700,1,0.30000000000000004,210767276.12516785,400,400,400,400,400,400,400,4690,400,400,400,400,400,400,400,400,400,400,4689,400,400,400,400,400,0,0,0,0,5,0,0,0,0,5,55,5,5,4.761904716491699,0,0,9.090909004211426,0,100,0,0,0,0,5,66480525312,2147479552,41580699648,0
199,1721495036328,2759146.524795532,4700,1,0.3062499999999999,1419725.4423217773,4700,1,0.3062499999999999,1895312.4473571777,4700,1,0.3062499999999999,1542293.3636932373,4700,1,0.3062499999999999,1555653.8331604004,4700,1,0.3062499999999999,1562447.4458770752,4700,1,0.3062499999999999,1583765.3325195313,4700,1,0.3062499999999999,1662216.3140716553,4700,1,0.3062499999999999,1837302.94631958,4700,1,0.3062499999999999,1337146.781036377,4700,1,0.3062499999999999,1331660.3888549805,4700,1,0.3062499999999999,1403446.1931152344,4700,1,0.3062499999999999,210767285.69363403,400,400,400,400,400,400,400,4690,400,400,400,400,400,400,400,400,400,400,4689,400,400,400,400,400,0,4.761904716491699,0,0,5.263157844543457,0,0,0,0,5,40,0,0,0,0,5,0,5,100,0,10,10,4.761904716491699,5,66480525312,2147479552,41612820480,0
199,1721495036528,2759146.860229492,4700,1,0.30000000000000004,1419725.7294769287,4700,1,0.30000000000000004,1895312.8093261719,4700,1,0.30000000000000004,1542293.6696624756,4700,1,0.30000000000000004,1555654.145401001,4700,1,0.30000000000000004,1562447.7557983398,4700,1,0.30000000000000004,1583766.3282928467,4700,1,0.30000000000000004,1662216.6490020752,4700,1,0.30000000000000004,1837303.6934051514,4700,1,0.30000000000000004,1337147.6552581787,4700,1,0.30000000000000004,1331660.575744629,4700,1,0.30000000000000004,1403446.4577941895,4700,1,0.30000000000000004,210767297.19078064,400,400,400,400,400,400,400,4690,400,400,400,400,400,400,400,400,400,400,4689,400,400,400,400,400,0,5.263157844543457,10,0,15.000000953674316,0,0,0,0,9.523809432983398,30.000001907348633,42.105262756347656,10,10,0,0,10,5.263157844543457,100,0,25,10,0,0,66480525312,2147479552,41657081856,0
199,1721495036728,2759147.1080322266,4700,1,0.30000000000000004,1419725.8771972656,4700,1,0.30000000000000004,1895313.04196167,4700,1,0.30000000000000004,1542293.7552185059,4700,1,0.30000000000000004,1555654.2526550293,4700,1,0.30000000000000004,1562447.8260040283,4700,1,0.30000000000000004,1583767.332977295,4700,1,0.30000000000000004,1662216.7380981445,4700,1,0.30000000000000004,1837303.7189483643,4700,1,0.30000000000000004,1337148.9417877197,4700,1,0.30000000000000004,1331660.6568908691,4700,1,0.30000000000000004,1403446.5475616455,4700,1,0.30000000000000004,210767306.9673767,400,400,400,400,400,400,400,4690,400,400,400,400,400,400,400,400,400,400,4689,400,400,400,400,400,0,5,0,5,0,0,0,0,0,0,0,90,0,0,0,0,5,4.761904716491699,100,0,0,9.523809432983398,0,0,66480525312,2147479552,41678614528,0
199,1721495036928,2759147.3711853027,4700,1,0.30000000000000004,1419726.240386963,4700,1,0.30000000000000004,1895313.265411377,4700,1,0.30000000000000004,1542293.7635040283,4700,1,0.30000000000000004,1555654.261505127,4700,1,0.30000000000000004,1562447.834854126,4700,1,0.30000000000000004,1583768.3370056152,4700,1,0.30000000000000004,1662216.747909546,4700,1,0.30000000000000004,1837303.7269592285,4700,1,0.30000000000000004,1337150.1078186035,4700,1,0.30000000000000004,1331660.667602539,4700,1,0.30000000000000004,1403446.5555267334,4700,1,0.30000000000000004,210767316.39465332,400,400,400,400,400,400,400,4690,400,400,400,400,400,400,400,400,400,400,4689,400,400,400,400,400,0,0,9.523809432983398,0,0,0,4.761904716491699,0,0,0,0,95,0,0,0,0,0,0,100,0,0,0,0,0,66480525312,2147479552,41710489600,0
199,1721495037128,2759147.6493225098,4700,1,0.30000000000000004,1419726.437637329,4700,1,0.30000000000000004,1895313.518371582,4700,1,0.30000000000000004,1542293.7933197021,4700,1,0.30000000000000004,1555654.5442199707,4700,1,0.30000000000000004,1562447.8669891357,4700,1,0.30000000000000004,1583768.5460662842,4700,1,0.30000000000000004,1662217.5876159668,4700,1,0.30000000000000004,1837303.7544403076,4700,1,0.30000000000000004,1337151.2351226807,4700,1,0.30000000000000004,1331660.6963806152,4700,1,0.30000000000000004,1403446.599243164,4700,1,0.30000000000000004,210767325.96206665,400,400,400,400,400,400,400,4690,400,400,400,400,400,400,400,400,400,400,4689,400,400,400,400,400,0,0,0,5,5,5,0,0,9.523809432983398,80,0,90,0,0,0,5,0,0,20,0,0,5,4.761904716491699,9.090909004211426,66480525312,2147479552,41666019328,0
199,1721495037328,2759147.9005126953,4700,1,0.30000000000000004,1419726.6419830322,4700,1,0.30000000000000004,1895313.7142944336,4700,1,0.30000000000000004,1542293.8014678955,4700,1,0.30000000000000004,1555654.8327026367,4700,1,0.30000000000000004,1562447.8758850098,4700,1,0.30000000000000004,1583768.556350708,4700,1,0.30000000000000004,1662218.6054992676,4700,1,0.30000000000000004,1837303.7622528076,4700,1,0.30000000000000004,1337152.4489746094,4700,1,0.30000000000000004,1331660.7700805664,4700,1,0.30000000000000004,1403446.6340026855,4700,1,0.30000000000000004,210767335.63587952,400,400,400,400,400,400,400,4690,400,400,400,400,400,400,400,400,400,400,4689,400,400,400,400,400,0,0,0,0,4.761904716491699,0,0,0,0,100,0,100,0,0,0,0,0,0,0,0,0,0,0,0,66480525312,2147479552,41698504704,0
199,1721495037528,2759148.148071289,4700,1,0.30000000000000004,1419726.8302764893,4700,1,0.3062499999999999,1895313.9124298096,4700,1,0.3062499999999999,1542293.8124084473,4700,1,0.30000000000000004,1555654.846786499,4700,1,0.30000000000000004,1562447.8858184814,4700,1,0.30000000000000004,1583768.5721740723,4700,1,0.3062499999999999,1662219.6252441406,4700,1,0.3062499999999999,1837303.782623291,4700,1,0.3062499999999999,1337153.700744629,4700,1,0.3062499999999999,1331660.8203125,4700,1,0.3062499999999999,1403446.9826660156,4700,1,0.3062499999999999,210767345.3034668,400,400,400,400,400,400,400,4690,400,400,400,400,400,400,400,400,400,400,4689,400,400,400,400,400,0,0,0,0,0,0,0,0,0,100,0,100,0,0,0,0,4.761904716491699,0,0,0,0,0,0,0,66480525312,2147479552,41723346944,0
199,1721495037728,2759148.3986358643,4700,1,0.30000000000000004,1419727.042602539,4700,1,0.30000000000000004,1895314.1191558838,4700,1,0.30000000000000004,1542293.8232269287,4700,1,0.30000000000000004,1555654.855178833,4700,1,0.30000000000000004,1562447.8947143555,4700,1,0.30000000000000004,1583768.5802612305,4700,1,0.30000000000000004,1662220.6393737793,4700,1,0.30000000000000004,1837303.8958435059,4700,1,0.30000000000000004,1337154.9178009033,4700,1,0.30000000000000004,1331660.829711914,4700,1,0.30000000000000004,1403447.3287506104,4700,1,0.30000000000000004,210767355.0630951,400,400,400,400,400,400,400,4690,400,400,400,400,400,400,400,400,400,400,4689,400,400,400,400,400,0,0,0,0,0,0,0,0,0,100,0,95.23809814453125,0,0,9.523809432983398,0,0,0,0,0,0,0,0,0,66480525312,2147479552,41760215040,0
199,1721495037928,2759148.6377105713,4700,1,0.30000000000000004,1419727.2291412354,4700,1,0.30000000000000004,1895314.298171997,4700,1,0.30000000000000004,1542293.834136963,4700,1,0.30000000000000004,1555654.865951538,4700,1,0.30000000000000004,1562447.902709961,4700,1,0.30000000000000004,1583768.588684082,4700,1,0.30000000000000004,1662221.657775879,4700,1,0.30000000000000004,1837303.9962005615,4700,1,0.30000000000000004,1337156.1361694336,4700,1,0.30000000000000004,1331660.841949463,4700,1,0.30000000000000004,1403447.6842651367,4700,1,0.30000000000000004,210767364.66053772,400,400,400,400,400,400,400,4690,400,400,400,400,400,400,400,400,400,400,4689,400,400,400,400,400,0,0,0,0,0,0,0,0,0,100,0,95,0,0,5.263157844543457,0,0,0,0,0,0,0,0,0,66480525312,2147479552,41791889408,0
199,1721495038128,2759148.826400757,4700,1,0.30000000000000004,1419727.4112548828,4700,1,0.30000000000000004,1895314.4804992676,4700,1,0.30000000000000004,1542293.8917388916,4700,1,0.30000000000000004,1555654.8781433105,4700,1,0.30000000000000004,1562447.9135742188,4700,1,0.30000000000000004,1583768.6110992432,4700,1,0.30000000000000004,1662222.676498413,4700,1,0.30000000000000004,1837304.0148620605,4700,1,0.30000000000000004,1337157.366897583,4700,1,0.30000000000000004,1331660.8629455566,4700,1,0.30000000000000004,1403448.0482330322,4700,1,0.30000000000000004,210767374.2779541,400,400,400,400,400,400,400,4690,400,400,400,400,400,400,400,400,400,400,4689,400,400,400,400,400,0,0,0,0,0,0,0,0,0,100,0,100,0,0,5,4.761904716491699,0,0,0,4.761904716491699,0,0,0,0,66480525312,2147479552,41825177600,0
199,1721495038328,2759148.8567504883,4700,1,0.30000000000000004,1419727.640548706,4700,1,0.30000000000000004,1895314.680557251,4700,1,0.30000000000000004,1542294.1321411133,4700,1,0.30000000000000004,1555654.9482421875,4700,1,0.30000000000000004,1562447.9549865723,4700,1,0.30000000000000004,1583768.631942749,4700,1,0.30000000000000004,1662223.6908874512,4700,1,0.30000000000000004,1837304.0599365234,4700,1,0.30000000000000004,1337158.3936462402,4700,1,0.30000000000000004,1331661.0807495117,4700,1,0.30000000000000004,1403448.3818969727,4700,1,0.30000000000000004,210767384.23841858,400,400,400,400,400,400,400,4690,400,400,400,400,400,400,400,400,400,400,4689,400,400,400,400,400,5,0,5,4.761904716491699,0,4.761904716491699,0,0,0,100,5,80.95238494873047,0,15.789472579956055,9.523809432983398,0,0,0,0,0,4.761904716491699,0,4.761904716491699,0,66480525312,2147479552,41872441344,0
199,1721495038528,2759148.8648986816,4700,1,0.30000000000000004,1419727.653213501,4700,1,0.30000000000000004,1895314.7217712402,4700,1,0.30000000000000004,1542294.1392059326,4700,1,0.30000000000000004,1555654.9558868408,4700,1,0.30000000000000004,1562447.9615020752,4700,1,0.30000000000000004,1583768.8585662842,4700,1,0.30000000000000004,1662224.709777832,4700,1,0.30000000000000004,1837304.0663909912,4700,1,0.30000000000000004,1337159.4031677246,4700,1,0.30000000000000004,1331661.3718261719,4700,1,0.30000000000000004,1403448.5005187988,4700,1,0.30000000000000004,210767393.6543274,400,400,400,400,400,400,400,4690,400,400,400,400,400,400,400,400,400,400,4689,400,400,400,400,400,0,0,5,0,0,0,0,0,0,84.21052551269531,0,70,0,25,5.263157844543457,0,0,0,0,15.789472579956055,0,0,0,0,66480525312,2147479552,41880256512,0
199,1721495038728,2759149.091949463,4700,1,0.3062499999999999,1419727.9672393799,4700,1,0.3062499999999999,1895314.9008636475,4700,1,0.3062499999999999,1542294.3343353271,4700,1,0.3062499999999999,1555655.1935424805,4700,1,0.3062499999999999,1562448.1202545166,4700,1,0.3062499999999999,1583769.1320800781,4700,1,0.3062499999999999,1662225.7296142578,4700,1,0.3062499999999999,1837304.8775787354,4700,1,0.3062499999999999,1337159.8717651367,4700,1,0.3062499999999999,1331661.6217803955,4700,1,0.3062499999999999,1403449.3822937012,4700,1,0.3062499999999999,210767405.25106812,400,400,400,400,400,400,400,4690,400,400,400,400,400,400,400,400,400,400,4689,400,400,400,400,400,14.285715103149414,14.285715103149414,10,5.263157844543457,0,0,10,10.526315689086914,0,4.761904716491699,66.66667175292969,5.263157844543457,10,14.285715103149414,31.57894515991211,14.285715103149414,0,0,5,100,0,23.809524536132813,0,29.411766052246094,66480525312,2147479552,41968689152,0
199,1721495038928,2759149.5231170654,4700,1,0.30000000000000004,1419728.2072906494,4700,1,0.30000000000000004,1895315.406906128,4700,1,0.30000000000000004,1542295.2583770752,4700,1,0.30000000000000004,1555655.4604644775,4700,1,0.30000000000000004,1562448.3866729736,4700,1,0.30000000000000004,1583769.5696716309,4700,1,0.30000000000000004,1662226.7919769287,4700,1,0.30000000000000004,1837305.4683380127,4700,1,0.30000000000000004,1337160.122756958,4700,1,0.30000000000000004,1331661.953201294,4700,1,0.30000000000000004,1403449.6976013184,4700,1,0.30000000000000004,210767417.16238403,400,400,400,400,400,400,400,4690,400,400,400,400,400,400,400,400,400,400,4689,400,400,400,400,400,14.285715103149414,14.285715103149414,10,5.263157844543457,0,0,10,10.526315689086914,0,4.761904716491699,66.66667175292969,5.263157844543457,10,14.285715103149414,31.57894515991211,14.285715103149414,0,0,5,100,0,23.809524536132813,0,29.411766052246094,66480525312,2147479552,42000572416,0
199,1721495039128,2759149.534439087,4700,1,0.30000000000000004,1419728.2140808105,4700,1,0.30000000000000004,1895315.4173431396,4700,1,0.30000000000000004,1542295.2700195313,4700,1,0.30000000000000004,1555655.6882019043,4700,1,0.30000000000000004,1562448.3955688477,4700,1,0.30000000000000004,1583769.5796966553,4700,1,0.30000000000000004,1662227.814743042,4700,1,0.30000000000000004,1837305.4779663086,4700,1,0.30000000000000004,1337160.1405334473,4700,1,0.30000000000000004,1331661.9762115479,4700,1,0.30000000000000004,1403449.7403564453,4700,1,0.30000000000000004,210767425.12080383,400,400,400,400,400,400,400,4690,400,400,400,400,400,400,400,400,400,400,4689,400,400,400,400,400,10,5.263157844543457,5.128205299377441,14.634145736694336,10,27.5,9.756096839904785,5,7.692307949066162,5,17.5,2.5641026496887207,7.500000476837158,7.692307949066162,5.263157844543457,2.5641026496887207,12.5,5,5.128205299377441,100,7.692307949066162,5.128205299377441,7.500000476837158,12.195121765136719,66480525312,2147479552,42001723392,0
199,1721495039328,2759149.540588379,4700,1,0.30000000000000004,1419728.220336914,4700,1,0.30000000000000004,1895315.4239196777,4700,1,0.30000000000000004,1542295.2769927979,4700,1,0.30000000000000004,1555655.907485962,4700,1,0.30000000000000004,1562448.4022827148,4700,1,0.30000000000000004,1583769.586227417,4700,1,0.30000000000000004,1662228.8339691162,4700,1,0.30000000000000004,1837305.4841918945,4700,1,0.30000000000000004,1337160.1614837646,4700,1,0.30000000000000004,1331661.9866638184,4700,1,0.30000000000000004,1403449.7482147217,4700,1,0.30000000000000004,210767433.11665344,400,400,400,400,400,400,400,4690,400,400,400,400,400,400,400,400,400,400,4689,400,400,400,400,400,0,0,0,0,0,0,0,0,0,0,0,0,0,0,0,0,0,0,0,100,0,0,0,0,66480525312,2147479552,42001670144,0
199,1721495039528,2759149.5467529297,4700,1,0.30000000000000004,1419728.2266082764,4700,1,0.30000000000000004,1895315.4305419922,4700,1,0.30000000000000004,1542295.284072876,4700,1,0.30000000000000004,1555656.131286621,4700,1,0.30000000000000004,1562448.4086608887,4700,1,0.30000000000000004,1583769.5926971436,4700,1,0.30000000000000004,1662229.845275879,4700,1,0.30000000000000004,1837305.490524292,4700,1,0.30000000000000004,1337160.1751556396,4700,1,0.30000000000000004,1331661.9956054688,4700,1,0.30000000000000004,1403449.7545776367,4700,1,0.30000000000000004,210767441.11338806,400,400,400,400,400,400,400,4690,400,400,400,400,400,400,400,400,400,400,4689,400,400,400,400,400,0,0,0,0,0,0,0,0,0,0,0,0,0,0,0,0,0,0,0,100,0,0,0,0,66480525312,2147479552,42001670144,0
199,1721495039728,2759149.5530700684,4700,1,0.30000000000000004,1419728.2328643799,4700,1,0.30000000000000004,1895315.437210083,4700,1,0.30000000000000004,1542295.290939331,4700,1,0.30000000000000004,1555656.3544158936,4700,1,0.30000000000000004,1562448.4149627686,4700,1,0.30000000000000004,1583769.599685669,4700,1,0.30000000000000004,1662230.8617858887,4700,1,0.30000000000000004,1837305.4966583252,4700,1,0.30000000000000004,1337160.1922149658,4700,1,0.30000000000000004,1331662.0021514893,4700,1,0.30000000000000004,1403449.7609863281,4700,1,0.30000000000000004,210767449.26493835,400,400,400,400,400,400,400,4690,400,400,400,400,400,400,400,400,400,400,4689,400,400,400,400,400,0,0,0,0,0,0,0,0,0,0,0,0,0,0,0,0,0,0,0,100,0,0,0,0,66480525312,2147479552,42001670144,0
199,1721495039928,2759149.559616089,4700,1,0.30000000000000004,1419728.239364624,4700,1,0.30000000000000004,1895315.4449005127,4700,1,0.30000000000000004,1542295.298110962,4700,1,0.30000000000000004,1555656.576965332,4700,1,0.30000000000000004,1562448.4212799072,4700,1,0.30000000000000004,1583769.6058502197,4700,1,0.30000000000000004,1662231.876800537,4700,1,0.30000000000000004,1837305.5046539307,4700,1,0.30000000000000004,1337160.2124938965,4700,1,0.30000000000000004,1331662.0093231201,4700,1,0.30000000000000004,1403449.7680511475,4700,1,0.30000000000000004,210767457.38200378,400,400,400,400,400,400,400,4690,400,400,400,400,400,400,400,400,400,400,4689,400,400,400,400,400,0,0,0,0,0,0,4.761904716491699,0,0,0,0,0,0,0,0,0,0,0,0,100,0,0,0,0,66480525312,2147479552,41995816960,0
199,1721495040128,2759149.566131592,4700,1,0.30000000000000004,1419728.2461547852,4700,1,0.30000000000000004,1895315.4520111084,4700,1,0.30000000000000004,1542295.3050079346,4700,1,0.30000000000000004,1555656.8008422852,4700,1,0.30000000000000004,1562448.4277038574,4700,1,0.30000000000000004,1583769.6139221191,4700,1,0.30000000000000004,1662232.8863983154,4700,1,0.30000000000000004,1837305.5108642578,4700,1,0.30000000000000004,1337160.2259674072,4700,1,0.30000000000000004,1331662.0176849365,4700,1,0.30000000000000004,1403449.7744903564,4700,1,0.30000000000000004,210767465.3899994,400,400,400,400,400,400,400,4690,400,400,400,400,400,400,400,400,400,400,4689,400,400,400,400,400,0,0,0,0,0,0,0,4.761904716491699,0,0,0,0,0,0,0,0,0,0,0,100,0,0,0,0,66480525312,2147479552,41995816960,0
199,1721495040329,2759149.5722961426,4700,1,0.30000000000000004,1419728.2524414063,4700,1,0.30000000000000004,1895315.4587097168,4700,1,0.30000000000000004,1542295.3116912842,4700,1,0.30000000000000004,1555657.0221710205,4700,1,0.30000000000000004,1562448.433883667,4700,1,0.30000000000000004,1583769.6204528809,4700,1,0.30000000000000004,1662233.9014892578,4700,1,0.30000000000000004,1837305.517074585,4700,1,0.30000000000000004,1337160.2427978516,4700,1,0.30000000000000004,1331662.0240783691,4700,1,0.30000000000000004,1403449.7806549072,4700,1,0.30000000000000004,210767473.4629364,400,400,400,400,400,400,400,4690,400,400,400,400,400,400,400,400,400,400,4689,400,400,400,400,400,0,0,0,0,0,0,0,0,0,0,0,0,0,0,0,0,0,0,0,100,0,0,0,0,66480525312,2147479552,41995816960,0
199,1721495040529,2759149.5787353516,4700,1,0.30000000000000004,1419728.2586975098,4700,1,0.30000000000000004,1895315.4654541016,4700,1,0.30000000000000004,1542295.3186798096,4700,1,0.30000000000000004,1555657.2431640625,4700,1,0.30000000000000004,1562448.4401397705,4700,1,0.30000000000000004,1583769.6269989014,4700,1,0.30000000000000004,1662234.9167480469,4700,1,0.30000000000000004,1837305.5233154297,4700,1,0.30000000000000004,1337160.26272583,4700,1,0.30000000000000004,1331662.0308532715,4700,1,0.30000000000000004,1403449.7869873047,4700,1,0.30000000000000004,210767481.46951294,400,400,400,400,400,400,400,4690,400,400,400,400,400,400,400,400,400,400,4689,400,400,400,400,400,0,0,0,0,0,0,0,0,0,0,0,0,0,0,0,0,0,0,0,100,0,0,0,0,66480525312,2147479552,41995816960,0
199,1721495040729,2759149.585006714,4700,1,0.30000000000000004,1419728.2653656006,4700,1,0.30000000000000004,1895315.4720458984,4700,1,0.30000000000000004,1542295.3251800537,4700,1,0.30000000000000004,1555657.4302978516,4700,1,0.30000000000000004,1562448.4463043213,4700,1,0.30000000000000004,1583769.6334991455,4700,1,0.30000000000000004,1662235.925933838,4700,1,0.30000000000000004,1837305.5294189453,4700,1,0.30000000000000004,1337160.2755889893,4700,1,0.30000000000000004,1331662.0372161865,4700,1,0.30000000000000004,1403449.793258667,4700,1,0.30000000000000004,210767489.41186523,400,400,400,400,400,400,400,4690,400,400,400,400,400,400,400,400,400,400,4689,400,400,400,400,400,0,0,0,0,0,0,0,0,0,0,0,0,0,0,0,0,0,0,0,100,0,0,0,0,66480525312,2147479552,41995816960,0
199,1721495040929,2759149.5913848877,4700,1,0.30000000000000004,1419728.276046753,4700,1,0.30000000000000004,1895315.4794921875,4700,1,0.30000000000000004,1542295.3387756348,4700,1,0.30000000000000004,1555657.6539001465,4700,1,0.30000000000000004,1562448.4529571533,4700,1,0.30000000000000004,1583769.6396636963,4700,1,0.30000000000000004,1662236.9412384033,4700,1,0.30000000000000004,1837305.5425567627,4700,1,0.30000000000000004,1337160.2939605713,4700,1,0.30000000000000004,1331662.0442199707,4700,1,0.30000000000000004,1403449.8021850586,4700,1,0.30000000000000004,210767497.4635315,400,400,400,400,400,400,400,4690,400,400,400,400,400,400,400,400,400,400,4689,400,400,400,400,400,0,0,0,0,0,0,4.761904716491699,0,0,0,0,0,0,0,0,0,0,0,0,100,4.761904716491699,0,0,0,66480525312,2147479552,41995816960,0
199,1721495041129,2759149.597518921,4700,1,0.30000000000000004,1419728.2823791504,4700,1,0.30000000000000004,1895315.4866790771,4700,1,0.30000000000000004,1542295.3454589844,4700,1,0.30000000000000004,1555657.8781585693,4700,1,0.30000000000000004,1562448.4591064453,4700,1,0.30000000000000004,1583769.646636963,4700,1,0.30000000000000004,1662237.9499511719,4700,1,0.30000000000000004,1837305.566558838,4700,1,0.30000000000000004,1337160.3144836426,4700,1,0.30000000000000004,1331662.050857544,4700,1,0.30000000000000004,1403449.8097991943,4700,1,0.30000000000000004,210767505.57748413,400,400,400,400,400,400,400,4690,400,400,400,400,400,400,400,400,400,400,4689,400,400,400,400,400,0,0,0,0,0,0,0,0,0,0,0,0,0,0,0,0,0,0,0,100,0,0,0,0,66480525312,2147479552,41995816960,0
199,1721495041329,2759149.603881836,4700,1,0.30000000000000004,1419728.2894134521,4700,1,0.30000000000000004,1895315.5002593994,4700,1,0.30000000000000004,1542295.3524780273,4700,1,0.30000000000000004,1555658.0999298096,4700,1,0.30000000000000004,1562448.4652862549,4700,1,0.30000000000000004,1583769.6533203125,4700,1,0.30000000000000004,1662238.9656677246,4700,1,0.30000000000000004,1837305.5736694336,4700,1,0.30000000000000004,1337160.3275756836,4700,1,0.30000000000000004,1331662.0625915527,4700,1,0.30000000000000004,1403449.8170928955,4700,1,0.30000000000000004,210767513.64053345,400,400,400,400,400,400,400,4690,400,400,400,400,400,400,400,400,400,400,4689,400,400,400,400,400,0,0,0,0,0,0,0,0,0,0,0,0,0,0,0,0,0,0,0,100,0,0,0,0,66480525312,2147479552,41995816960,0
199,1721495041529,2759149.7236175537,4700,1,0.3062499999999999,1419728.4538879395,4700,1,0.3062499999999999,1895315.7087554932,4700,1,0.3062499999999999,1542295.3633728027,4700,1,0.3062499999999999,1555658.3317718506,4700,1,0.3062499999999999,1562448.4734802246,4700,1,0.3062499999999999,1583769.668334961,4700,1,0.3062499999999999,1662239.9808807373,4700,1,0.3062499999999999,1837305.8666229248,4700,1,0.3062499999999999,1337160.3543395996,4700,1,0.3062499999999999,1331662.0771026611,4700,1,0.3062499999999999,1403449.9151611328,4700,1,0.3062499999999999,210767522.44807434,400,400,400,400,400,400,400,4690,400,400,400,400,400,400,400,400,400,400,4689,400,400,400,400,400,0,0,15.000000953674316,5.555555820465088,9.523809432983398,0,0,0,0,31.57894515991211,0,0,0,0,5,0,0,0,0,66.66667175292969,26.3157901763916,0,0,0,66480525312,2147479552,41588723712,0
199,1721495041729,2759149.814758301,4700,1,0.30000000000000004,1419728.5377502441,4700,1,0.30000000000000004,1895315.7890472412,4700,1,0.30000000000000004,1542295.4327087402,4700,1,0.30000000000000004,1555658.4843597412,4700,1,0.30000000000000004,1562448.5146942139,4700,1,0.30000000000000004,1583769.9033355713,4700,1,0.30000000000000004,1662241.004058838,4700,1,0.30000000000000004,1837305.9450531006,4700,1,0.30000000000000004,1337160.4195404053,4700,1,0.30000000000000004,1331662.1581726074,4700,1,0.30000000000000004,1403449.9905700684,4700,1,0.30000000000000004,210767530.68589783,400,400,400,400,400,400,400,4690,400,400,400,400,400,400,400,400,400,400,4689,400,400,400,400,400,0,0,0,0,0,0,5,0,0,100,0,0,0,0,0,5,0,0,0,0,0,0,0,0,66480525312,2147479552,41594064896,0
199,1721495041929,2759150.0562438965,4700,1,0.30000000000000004,1419728.6431274414,4700,1,0.30000000000000004,1895315.8405303955,4700,1,0.30000000000000004,1542295.538635254,4700,1,0.30000000000000004,1555658.829940796,4700,1,0.30000000000000004,1562448.5499725342,4700,1,0.30000000000000004,1583770.1530303955,4700,1,0.30000000000000004,1662242.0079345703,4700,1,0.30000000000000004,1837306.2208099365,4700,1,0.30000000000000004,1337160.4723052979,4700,1,0.30000000000000004,1331662.199935913,4700,1,0.30000000000000004,1403450.0769348145,4700,1,0.30000000000000004,210767539.93948364,400,400,400,400,400,400,400,4690,400,400,400,400,400,400,400,400,400,400,4689,400,400,400,400,400,15.000000953674316,5,9.523809432983398,0,0,0,21.052631378173828,0,21.052631378173828,95,9.523809432983398,9.090909004211426,9.523809432983398,0,5,0,0,9.090909004211426,5,0,25,0,5,0,66480525312,2147479552,41349660672,0
