ap:           99.864875
eer:          98.800000
tpr001:       98.600000
tpr0001:      96.766667
tpr00001:     NaN
tpr000001:    NaN
tpr0:         94.966667
